epsParam:29   minLnsParam:8
clusterID: 0  Points Number:  15
741.733530447382 553.639287538369   778.680911399191 525.901387880317   792.130279938787 492.624541431043   823.562468734929 463.716222016929   848.232441123564 433.227339920152   876.286627910076 403.487953227586   891.69292827882 370.693825316462   903.556475157445 336.254973638294   909.516863929769 298.259006800433   908.349610284148 260.970309045555   923.555068351896 227.66167719104   926.460293233958 191.646676869688   939.169268092385 157.604336342901   943.507371202822 120.678017178378   947.932281003235 84.8933096498582   
clusterID: 1  Points Number:  15
646.395109089912 552.91717400818   611.631481340297 545.065551590269   570.171215431895 525.791192779903   533.33431393269 523.555985261041   497.524727854395 507.142829033945   460.400438004673 505.684694097816   424.205796495269 502.66433426219   385.67393823306 504.804287352295   338.421187950935 537.298708083335   293.684735816993 562.752863242183   256.77862267863 562.269277018357   228.507871908465 530.369182991191   195.514926092278 508.200190766879   164.324108609056 483.966554224589   127.472785180767 478.01401990546   
